972597934589
972597935289
972597939741
972597934635
972597930775
972597932876
972597937813
972597938799
972597934503
972597933182
972597935728
972597937915
972597938202
972597935273
972597930570
972597937401
972597938472
972597933423
972597931756
972597931849
972597937835
972597932272
972597938035
972597938877
972597931801
972597939097
972597938971
972597931657
972597930971
972597931500
972597931682
972597934293
972597932577
972597932098
972597939207
972597930085
972597939035
972597936650
972597933386
972597937518
972597934921
972597936253
972597933919
972597933513
972597930692
972597936443
972597932141
972597935417
972597936161
972597938316
972597937451
972597931551
972597930643
972597932256
972597938073
972597931889
972597935986
972597938824
972597938683
972597933705
972597931370
972597932568
972597932113
972597935251
972597939307
972597931601
972597935057
972597933442
972597935221
972597934389
972597938062
972597931267
972597930266
972597939661
972597931229
972597933489
972597938514
972597934465
972597935615
972597936384
972597932743
972597938921
972597935999
972597938154
972597934095
972597931109
972597930908
972597932636
972597935596
972597936722
972597935292
972597939215
972597939814
972597934509
972597932217
972597939234
972597932298
972597932775
972597938070
972597932345
972597937409
972597934980
972597937316
972597938872
972597932236
972597930313
972597934989
972597931325
972597930587
972597936123
972597936368
972597939130
972597935481
972597930010
972597931914
972597932851
972597930028
972597937557
972597937031
972597938444
972597938617
972597936326
972597933670
972597930067
972597933408
972597932407
972597935138
972597933504
972597931559
972597934101
972597938086
972597935781
972597936676
972597934789
972597936477
972597937736
972597930161
972597934822
972597939903
972597930225
972597935525
972597935442
972597939598
972597932644
972597939436
972597938140
972597934836
972597932246
972597937542
972597936080
972597935027
972597939686
972597931648
972597935176
972597934911
972597938701
972597936878
972597938591
972597934217
972597936566
972597931509
972597939522
972597939519
972597936182
972597934483
972597935633
972597931692
972597934475
972597937002
972597938249
972597938735
972597935099
972597939011
972597937399
972597938238
972597939525
972597931643
972597937849
972597933515
972597934883
972597935272
972597936067
972597936751
972597939165
972597933253
972597936012
972597936059
972597934826
972597936976
972597933213
972597934117
972597933134
972597935894
972597935788
972597938102
972597936547
972597936652
972597936889
972597935516
972597938195
972597933085
972597932714
972597938270
972597939476
972597936290
972597931638
972597938414
972597939900
972597932606
972597935155
972597937104
972597936395
972597933911
972597933347
972597936609
972597936661
972597936217
972597934960
972597932880
972597935322
972597931278
972597936098
972597932142
972597937599
972597934254
972597937051
972597936730
972597930820
972597934182
972597930283
972597936473
972597933535
972597939570
972597935693
972597939945
972597935066
972597939892
972597939298
972597938205
972597933976
972597934852
972597937157
972597932038
972597936337
972597931326
972597937186
972597935096
972597934109
972597934153
972597930785
972597933653
972597935795
972597937917
972597935191
972597931262
972597932284
972597934277
972597936328
972597931880
972597939323
972597938372
972597939861
972597938925
972597937841
972597938831
972597938659
972597937810
972597939888
972597935623
972597934543
972597936711
972597934915
972597939145
972597939057
972597937845
972597936817
972597937737
972597933427
972597932304
972597939400
972597937398
972597937936
972597934064
972597936106
972597933988
972597939648
972597934161
972597935271
972597930261
972597930157
972597934296
972597930884
972597931932
972597935736
972597939328
972597931908
972597935279
972597938548
972597938636
972597939262
972598809595
972598805897
972598804688
972598801591
972598808416
972598809933
972598807829
972598802540
972598801303
972598803499
972598809323
972598800113
972598805785
972598803607
972598804994
972598805220
972598806945
972598808336
972598800332
972598806424
972598803124
972598805473
972598801828
972598807270
972598809295
972598800667
972598804214
972598808945
972598806692
972598800625
972598806061
972598800676
972598808811
972598808600
972598802495
972598801086
972598802466
972598807679
972598805478
972598803804
972598806661
972598804666
972598809443
972598807603
972598801192
972598808039
972598809452
972598803961
972598805169
972598808213
972598801875
972598803597
972598804380
972598805321
972598806572
972598803732
972598804282
972598802643
972598804976
972598805726
972598809253
972598803099
972598803664
972598808208
972598807072
972598800222
972598809249
972598804436
972598805160
972598804304
972598805418
972598808606
972598800897
972598806481
972598804122
972598806917
972598808425
972598805182
972598809062
972598800813
972598805773
972598809551
972598808520
972598802741
972598801423
972598804863
972598800358
972598805296
972598805516
972598803461
972598803738
972598802665
972598801463
972598800424
972598805559
972598800492
972598803779
972598807217
972598804911
972598801804
972598806838
972598806177
972598801263
972598808236
972598806222
972598807060
972598801604
972598803562
972598806485
972598800504
972598807912
972598803778
972598806584
972598801408
972598807617
972598808513
972598807663
972598807932
972598806806
972598803410
972598808150
972598805002
972598800624
972598806890
972598803784
972598808197
972598801809
972598804535
972598801485
972598805394
972598808115
972598806089
972598805586
972598804154
972598806373
972598802480
972598801018
972598802268
972598803758
972598803910
972598807939
972598800148
972598801139
972598806238
972598808952
972598809327
972598808787
972598802614
972598807834
972598806928
972598804758
972598807789
972598804648
972598801449
972598807131
972598803303
972598800965
972598809890
972598801469
972598802425
972598805725
972598804340
972598805734
972598806551
972598803780
972598802306
972598806457
972598808827
972598809393
972598801900
972598802124
972598805210
972598807297
972598805680
972598807221
972598808553
972598802041
972598805305
972598803578
972598804059
972598805457
972598805242
972598806399
972598805597
972598801003
972598801980
972598801015
972598801547
972598804472
972598804549
972598802347
972598806703
972598806665
972598804430
972598803406
972598809488
972598807148
972598802352
972598801175
972598803927
972598806206
972598801388
972598806950
972598805796
972598807661
972598808214
972598804291
972598808765
972598803665
972598803334
972598809886
972598807828
972598804227
972598806269
972598802072
972598800073
972598804952
972598803051
972598808898
972598809067
972598802300
972598800136
972598806408
972598800159
972598806140
972598802392
972598801926
972598801829
972598805858
972598800260
972598805660
972598808067
972598809433
972598802917
972598808896
972598806592
972598808750
972598805724
972598803542
972598807485
972598802926
972598801787
972598808758
972598803569
972598802560
972598800421
972598809544
972598808946
972598805454
972598807425
972598806289
972598809241
972598808127
972598805646
972598808247
972598802194
972598807322
972598807052
972598801452
972598809030
972598800907
972598805153
972598800841
972598802470
972598809033
972598809097
972598800228
972598806724
972598802207
972598805217
972598801768
972598801936
972598804825
972598803179
972598804722
972598804223
972598808983
972598808970
972598806980
972598803190
972598804667
972598806516
972598808124
972598809997
972598804726
972598802712
972598805193
972598803088
972598806601
972598803699
972598802537
972598805256
972598803561
972598805035
972598800904
972598804942
972598803235
972598806414
972598807062
972598803701
972595774766
972595770643
972595779425
972595779125
972595775744
972595776974
972595779375
972595778030
972595776593
972595775859
972595773810
972595776770
972595779588
972595775436
972595776785
972595773081
972595771883
972595775186
972595773256
972595772260
972595778182
972595770135
972595776009
972595773481
972595774950
972595778042
972595777451
972595778228
972595771708
972595772062
972595771017
972595779356
972595771606
972595774903
972595770469
972595776569
972595774649
972595779057
972595776322
972595771278
972595774206
972595779064
972595771937
972595773953
972595779214
972595772541
972595771464
972595778256
972595776246
972595776784
972595775190
972595771144
972595779111
972595777544
972595776540
972595770132
972595770197
972595774257
972595776055
972595772037
972595776883
972595776822
972595777880
972595773655
972595774339
972595777382
972595779963
972595773803
972595771147
972595772161
972595777316
972595772845
972595776488
972595778886
972595778832
972595777636
972595779069
972595779506
972595776783
972595776733
972595775490
972595772632
972595772351
972595770878
972595775374
972595778377
972595770125
972595772382
972595776409
972595773878
972595779029
972595778370
972595773884
972595775145
972595775484
972595778181
972595776204
972595779783
972595771869
972595777088
972595777467
972595771574
972595775529
972595776583
972595771387
972595779555
972595777298
972595775841
972595773661
972595779106
972595779385
972595779697
972595779315
972595779758
972595778815
972595773900
972595770295
972595772592
972595775031
972595774909
972595779194
972595770457
972595776404
972595773011
972595778540
972595774161
972595777017
972595774880
972595771604
972595778243
972595777895
972595778190
972595777329
972595775134
972595778545
972595779189
972595771054
972595778966
972595774288
972595778737
972595777303
972595774547
972595776453
972595775158
972595771190
972595776114
972595773226
972595771404
972595772348
972595778180
972595775673
972595779004
972595774305
972595771918
972595771083
972595775567
972595773032
972595775920
972595771048
972595775872
972595770680
972595774095
972595775101
972595773460
972595772268
972595772673
972595770033
972595771794
972595777347
972595773753
972595776749
972595774975
972595778155
972595777208
972595771050
972595777809
972595778508
972595777920
972595774396
972595771580
972595776291
972595774119
972595779305
972595775419
972595779787
972595778128
972595777778
972595770750
972595773327
972595775170
972595778487
972595777661
972595770620
972595770540
972595773538
972595774080
972595779976
972595770322
972595775164
972595770179
972595777392
972595774481
972595775827
972595777459
972595772317
972595773779
972595777510
972595773265
972595771506
972595777200
972595771084
972595771321
972595778467
972595779565
972595772177
972595775198
972595778241
972595772927
972595775455
972595772088
972595774369
972595778612
972595771829
972595776493
972595770952
972595772761
972595777776
972595779921
972595775112
972595771993
972595777740
972595770162
972595779452
972595775343
972595772157
972595779435
972595771671
972595770257
972595771682
972595773038
972595779761
972595775359
972595777623
972595776807
972595770161
972595775429
972595772501
972595777936
972595775451
972595778679
972595770520
972595772511
972595775283
972595777146
972595772544
972595773210
972595772843
972595770893
972595775346
972595772987
972595771177
972595773504
972595772917
972595773570
972595776381
972595774968
972595775967
972595779747
972595778118
972595771439
972595774596
972595778085
972595779928
972595778942
972595773541
972595777224
972595777830
972595770505
972595779249
972595778920
972595775458
972595775454
972595771034
972595775151
972595775389
972595770137
972595771515
972595778198
972595776073
972595772286
972595774546
972595779136
972595779415
972595771197
972595772962
972595778740
972595775914
972595774268
972595770229
972595773028
972592114899
972592112191
972592111422
972592117019
972592113626
972592113043
972592117906
972592119811
972592110034
972592112266
972592110815
972592116114
972592112666
972592119489
972592113835
972592116307
972592115842
972592112954
972592113988
972592117217
972592110952
972592112090
972592113854
972592110343
972592116231
972592113954
972592111557
972592114265
972592116467
972592119869
972592110762
972592114967
972592119258
972592116478
972592110074
972592113649
972592119986
972592112120
972592112391
972592111283
972592113969
972592117381
972592113453
972592115984
972592111483
972592111605
972592116445
972592115586
972592115093
972592111460
972592113842
972592112404
972592116485
972592115987
972592111118
972592115799
972592118975
972592115739
972592113921
972592119508
972592115953
972592119432
972592112088
972592118817
972592111938
972592113126
972592112346
972592113710
972592111888
972592111354
972592113828
972592113121
972592111834
972592116545
972592114533
972592113363
972592111931
972592119760
972592113213
972592116483
972592117909
972592118137
972592119745
972592116798
972592114336
972592117070
972592116528
972592110603
972592112411
972592117599
972592118908
972592116058
972592118674
972592119913
972592114487
972592119047
972592117331
972592114762
972592114002
972592118700
972592110814
972592110705
972592111737
972592114778
972592110706
972592112356
972592117129
972592111490
972592111451
972592113007
972592115473
972592117393
972592115210
972592116790
972592113675
972592115176
972592112155
972592117365
972592111294
972592110889
972592113497
972592115628
972592112548
972592110704
972592119077
972592110879
972592119094
972592112641
972592116734
972592110835
972592116151
972592117239
972592114712
972592115786
972592111685
972592118422
972592110327
972592111750
972592118234
972592117525
972592113437
972592113912
972592110698
972592118210
972592117959
972592111785
972592119057
972592110365
972592111673
972592113337
972592114349
972592116584
972592114276
972592114209
972592113800
972592118626
972592119452
972592119158
972592114574
972592118517
972592113440
972592119211
972592113554
972592113174
972592118636
972592111862
972592111550
972592116453
972592118556
972592119505
972592111112
972592115166
972592114186
972592117038
972592115949
972592118800
972592117336
972592118116
972592114020
972592116548
972592110967
972592113222
972592119735
972592112000
972592118689
972592115461
972592110323
972592117534
972592119867
972592117084
972592119125
972592117614
972592119376
972592114017
972592117718
972592113881
972592116241
972592115797
972592112322
972592111989
972592116042
972592119666
972592110357
972592111329
972592117775
972592111584
972592113808
972592112937
972592113357
972592116759
972592117683
972592118280
972592117052
972592118680
972592115204
972592110162
972592117999
972592118428
972592119564
972592111950
972592114468
972592112270
972592111204
972592117613
972592110250
972592111486
972592113285
972592112767
972592119704
972592119622
972592116740
972592114504
972592111054
972592119592
972592111649
972592113332
972592112776
972592112246
972592118659
972592112486
972592115067
972592116487
972592115952
972592118953
972592114832
972592111596
972592114375
972592112753
972592112578
972592111323
972592118237
972592117413
972592112444
972592118335
972592117884
972592110707
972592117400
972592115400
972592113593
972592111124
972592110128
972592112991
972592113579
972592114537
972592110260
972592115581
972592118309
972592110282
972592116256
972592112161
972592118102
972592117804
972592110000
972592113961
972592114014
972592114027
972592113115
972592118277
972592117174
972592112074
972592113483
972592118586
972592117274
972592112933
972592116037
972592111565
972592116838
972592112528
972592110592
972592113611
972592112742
972592113273
972592118840
972592117242
972592110038
972592113502
972592115229
972592119707
972592111667
972592119726